00000000000000000000000000000000
00000000000000000000000000000000
00000000000000000000000000000000
00000000000000000000000000000000
00000000000000000000000000000000
00000000000000000000000000000000
00000000000000000000000000000000
00000000000000000000000000000000
00000000000000000000000000000000
0000000000000000000000000W000000
00000000000000000000000000000S00
00000000000000000000000000000000
0000000000000000000000000C000000
00000000000000000000000000000000
000000000000000000000000000S0000
00000000000000000000000000000000
000000000000000000000000K0000000
00000000000000000000000000000000
00000000000000000000000000S00000
00000000000000000000000000000000
0000000000000000000000000000K000
00000000000000000000000000000000
00000000000000000000000000000000
00000000000000000000000000000000