5

5
12577
28407
21617
19454
7831

25
12695
22134
9367
998
18708
20398
31521
13812
7468
29405
6250
6610
19873
8079
24929
13833
26345
4146
18249
5407
28289
1309
22191
26810
2436

100
12796
27655
6101
26064
10779
11055
29703
21370
27807
2655
1665
7975
18050
29495
24758
27026
5735
18272
9465
13775
21722
22466
28898
14887
29144
23543
18164
13091
11154
32255
15228
27879
17006
20021
26812
30401
11855
13185
28233
13570
14614
11216
32690
17677
8809
28865
18018
26541
12467
21665
6856
26028
21355
27546
22709
8865
15002
21799
21253
21001
1943
14795
10881
665
31509
20739
3076
29651
17504
889
6621
27096
21988
32122
1141
29565
25327
17834
5682
22176
27320
11255
13978
5821
29855
9419
10428
18876
25014
25734
2251
12045
30593
20267
19725
15607
2042
4185
19955
6189

1000
12881
12201
11817
29119
16814
14846
12322
10797
31125
6646
30587
9120
3837
948
11930
19064
14875
5808
24296
2825
23613
31754
26068
658
15606
16159
15130
15475
8827
5211
27717
20378
18765
590
29042
28735
32536
8449
16216
18897
25819
25482
14981
13616
7242
8158
28650
7964
25713
18663
13978
13038
27033
3798
7887
7557
19567
22971
21038
31876
9315
21074
18764
19899
335
27936
31344
29410
12377
11199
26011
7565
18458
2167
8645
14172
16384
16398
20330
6770
5872
28128
5189
11817
19760
11826
1116
15364
13701
15043
7228
4326
24984
13732
12422
16001
11678
5706
30378
4368
12088
27874
2803
3401
2968
28644
6084
2701
30950
2027
545
15715
28386
19908
16240
17956
19146
11972
14465
6136
27262
11103
24013
19456
738
25591
20731
13525
13700
26610
18345
17970
10623
31503
2920
9453
11167
17658
15112
29484
6597
7966
12567
11477
7565
29882
13220
10310
31279
26935
20808
3911
29091
14521
3944
25660
1289
1780
19892
26528
5191
4161
755
29102
8436
28912
14083
5217
14453
30432
24091
6559
18789
12622
31060
12721
26683
13035
8296
26103
18214
14897
22713
9178
25916
13302
23957
29697
14548
19522
15800
12744
22832
350
29202
22254
27488
27949
20939
12173
22114
14527
1925
2640
654
28196
27617
14560
10290
7294
26948
29855
29049
602
19675
31641
29585
12865
10460
31160
17164
25993
11279
4663
10119
29041
4750
7512
12938
4718
5065
28250
15792
447
29132
13733
5128
2375
3525
21321
19130
2460
9664
11686
3310
9820
8118
24684
24297
3264
1478
22471
7289
2163
6082
11219
13972
23204
5613
20566
29756
1882
10499
27822
15013
3335
2938
28680
8346
14945
22536
13779
20765
5741
8549
20085
334
3804
14162
16444
32142
24731
15578
21655
4579
28326
29656
17798
20894
31517
25017
24399
572
30361
12675
27251
11659
22976
30486
29152
7950
15639
14259
14696
20641
8984
23482
30834
2656
10373
28088
11503
14790
3835
19104
6800
17426
21962
10073
18998
22511
21764
3961
7595
595
3796
16721
19343
2728
11025
2857
22421
23082
20755
3532
23279
29328
21446
2120
12550
14318
25596
4335
23663
4570
15624
24481
14362
10190
32648
3406
18637
15565
11906
27830
17105
28233
691
24691
6124
23109
2083
21050
8591
28855
14845
12126
15183
29744
4254
3733
24985
28094
13804
25343
10402
6162
21481
24676
8094
1502
12680
29886
29746
1921
4543
31479
27179
5094
2269
2803
31600
14505
15390
2769
13365
21884
16252
25966
8050
9930
1481
2603
22420
25498
5883
6641
3954
29365
199
25970
10114
31499
13681
8369
9037
21331
19682
28612
4896
5362
23547
12504
17925
22046
22057
10103
22513
20291
11577
27910
28735
28581
9070
19090
17501
9544
977
24524
12998
23565
13513
15185
2608
30749
22763
18479
20742
20362
29203
13477
8472
26420
15028
13867
27538
30442
10604
20146
14634
30930
21212
30509
15006
18443
7606
21328
15710
4752
32023
21144
22661
8800
9496
25227
26126
16860
28064
5697
7237
16240
22396
26403
23419
21621
26545
29427
1022
29526
19728
23309
26697
16626
1036
10476
12151
15682
27849
23535
15358
24380
1909
1117
27289
10231
19163
4008
15750
28943
18741
10734
18418
31307
5954
22725
28082
31357
10649
13112
19251
14250
7229
23309
22964
27243
6257
6986
9138
28819
19662
20471
7588
4882
11154
31524
30441
25370
25403
11054
30463
29312
17749
5695
15093
27492
3984
3860
26403
19220
19221
14083
8472
17454
13850
4412
26068
3077
27572
23375
4152
5958
15853
20206
9146
2524
30231
12532
12125
24080
28512
20903
23777
1781
16294
25146
54
4611
25228
17303
15159
3074
6861
12891
2453
11562
32208
29729
18705
4232
23933
27139
4591
31395
1104
11358
29607
29536
30635
5078
27101
14115
13425
21402
7571
17207
6608
2281
18078
368
30302
25558
16726
22286
27496
19784
11410
6885
6790
11844
9172
14011
20851
15471
27072
30706
10268
28622
5843
21351
17655
1489
8273
8345
15254
13712
19327
4110
14716
31060
24851
24818
29999
4441
13545
6658
5007
9170
22007
18856
30565
7726
31363
4455
12095
15258
31891
122
30076
21703
31398
440
30371
23789
28833
24763
20985
12304
23820
10817
2130
5762
18046
27602
19751
8617
13654
5796
28137
17922
30124
2491
17301
22118
13704
1876
25225
17548
21329
6532
31894
19152
28808
10781
10582
25394
7350
20945
2239
12194
11426
8858
29689
14203
4552
29017
12397
7757
17927
25277
22815
14303
8090
16230
29245
7540
8521
21322
23288
10318
6880
23640
4498
30065
11745
19548
32184
22185
2678
25123
13587
21710
30889
24031
28186
10055
471
21708
5418
17613
20066
26644
14296
29041
2983
25329
14982
28129
28208
1041
3124
11239
9258
30270
19609
11314
19481
15422
6258
26969
17354
5112
28699
29725
25481
5337
27740
9455
31125
3446
13701
1714
6609
25715
28861
24257
5564
163
6039
30260
12451
31856
28134
2143
25622
10366
2515
31388
18584
8587
8748
16715
30362
32154
5887
5654
29611
21584
26728
25466
32745
9886
4007
2434
22459
27040
28277
24534
15810
14533
18585
6389
24844
29489
31670
27327
29579
18527
26983
8246
1222
30731
18317
30853
29903
18767
19176
30530
4981
32012
24549
2544
16314
16267
26039
9928
7048
23908
8105
18617
10143
16287
20659
27821
23506
29466
13643
29710
3955
16170
20349
4232
17932
3973
14654
7441
13391
13664
28926
2087
4432
17364
21628
13145
2034
2950
15838
27657
23711
31111
30465
24944
6973
23929
30478
15331
24925
23284
7758
14676
6325
2600
25663
29467
13776
3011
11239
12535
20228
5141
12904
27983
8101
12657
19413
28350
19320
20951
25156
6863
30314
19409
27428
26117
1154
28315
18129
1311
5653
23942
15974
17305
5177
15006
5075
9078
24955
25739
22575
10813
725
19381
31823
32578
21722
8876
20375
16166
8500
28102
24848
10401
10320
13834
30395
1663
29528
25420
3877
31465
610
410
8508
4070
10983
30167
3681
12578
14966
26022
31422
29421
12713
22154
32730
19078
11097
18507
28010
7066
17422
20123
3179
16136
5561
28153
6253
26343
7078
16342
25394
970
4780
8694
22135
3906
10663
29978
18450
24485
5672
11996
21565
26894
24938
17114
12850
4005
392
10006
14072
28449
4846
30621
31356
15243
17933
32103
21219
8004
21844

