28407
21617
19454
12577
7831

31521
29405
28289
26810
26345
24929
22191
22134
20398
19873
18708
18249
13833
13812
12695
9367
8079
7468
6610
6250
5407
4146
2436
1309
998

32690
32255
32122
31509
30593
30401
29855
29703
29651
29565
29495
29144
28898
28865
28233
27879
27807
27655
27546
27320
27096
27026
26812
26541
26064
26028
25734
25327
25014
24758
23543
22709
22466
22176
21988
21799
21722
21665
21370
21355
21253
21001
20739
20267
20021
19955
19725
18876
18272
18164
18050
18018
17834
17677
17504
17006
15607
15228
15002
14887
14795
14614
13978
13775
13570
13185
13091
12796
12467
12045
11855
11255
11216
11154
11055
10881
10779
10428
9465
9419
8865
8809
7975
6856
6621
6189
6101
5821
5735
5682
4185
3076
2655
2251
2042
1943
1665
1141
889
665

32745
32730
32648
32578
32536
32208
32184
32154
32142
32103
32023
32012
31894
31891
31876
31856
31823
31754
31670
31641
31600
31524
31517
31503
31499
31479
31465
31422
31398
31395
31388
31363
31357
31356
31344
31307
31279
31160
31125
31125
31111
31060
31060
30950
30930
30889
30853
30834
30749
30731
30706
30635
30621
30587
30565
30530
30509
30486
30478
30465
30463
30442
30441
30432
30395
30378
30371
30362
30361
30314
30302
30270
30260
30231
30167
30124
30076
30065
29999
29978
29903
29886
29882
29855
29756
29746
29744
29729
29725
29710
29697
29689
29656
29611
29607
29585
29579
29536
29528
29526
29489
29484
29467
29466
29427
29421
29410
29365
29328
29312
29245
29203
29202
29152
29132
29119
29102
29091
29049
29042
29041
29041
29017
28943
28926
28912
28861
28855
28833
28819
28808
28735
28735
28699
28680
28650
28644
28622
28612
28581
28512
28449
28386
28350
28326
28315
28277
28250
28233
28208
28196
28186
28153
28137
28134
28129
28128
28102
28094
28088
28082
28064
28010
27983
27949
27936
27910
27874
27849
27830
27822
27821
27740
27717
27657
27617
27602
27572
27538
27496
27492
27488
27428
27327
27289
27262
27251
27243
27179
27139
27101
27072
27040
27033
26983
26969
26948
26935
26894
26728
26697
26683
26644
26610
26545
26528
26420
26403
26403
26343
26126
26117
26103
26068
26068
26039
26022
26011
25993
25970
25966
25916
25819
25739
25715
25713
25663
25660
25622
25596
25591
25558
25498
25482
25481
25466
25420
25403
25394
25394
25370
25343
25329
25277
25228
25227
25225
25156
25146
25123
25017
24985
24984
24955
24944
24938
24925
24851
24848
24844
24818
24763
24731
24691
24684
24676
24549
24534
24524
24485
24481
24399
24380
24297
24296
24257
24091
24080
24031
24013
23957
23942
23933
23929
23908
23820
23789
23777
23711
23663
23640
23613
23565
23547
23535
23506
23482
23419
23375
23309
23309
23288
23284
23279
23204
23109
23082
22976
22971
22964
22832
22815
22763
22725
22713
22661
22575
22536
22513
22511
22471
22459
22421
22420
22396
22286
22254
22185
22154
22135
22118
22114
22057
22046
22007
21962
21884
21844
21764
21722
21710
21708
21703
21655
21628
21621
21584
21565
21481
21446
21402
21351
21331
21329
21328
21322
21321
21219
21212
21144
21074
21050
21038
20985
20951
20945
20939
20903
20894
20851
20808
20765
20755
20742
20731
20659
20641
20566
20471
20378
20375
20362
20349
20330
20291
20228
20206
20146
20123
20085
20066
19908
19899
19892
19784
19760
19751
19728
19682
19675
19662
19609
19567
19548
19522
19481
19456
19413
19409
19381
19343
19327
19320
19251
19221
19220
19176
19163
19152
19146
19130
19104
19090
19078
19064
18998
18897
18856
18789
18767
18765
18764
18741
18705
18663
18637
18617
18585
18584
18527
18507
18479
18458
18450
18443
18418
18345
18317
18214
18129
18078
18046
17970
17956
17933
17932
17927
17925
17922
17798
17749
17658
17655
17613
17548
17501
17454
17426
17422
17364
17354
17305
17303
17301
17207
17164
17114
17105
16860
16814
16726
16721
16715
16626
16444
16398
16384
16342
16314
16294
16287
16267
16252
16240
16240
16230
16216
16170
16166
16159
16136
16001
15974
15853
15838
15810
15800
15792
15750
15715
15710
15682
15639
15624
15606
15578
15565
15475
15471
15422
15390
15364
15358
15331
15258
15254
15243
15185
15183
15159
15130
15112
15093
15043
15028
15013
15006
15006
14982
14981
14966
14945
14897
14875
14846
14845
14790
14716
14696
14676
14654
14634
14560
14548
14533
14527
14521
14505
14465
14453
14362
14318
14303
14296
14259
14250
14203
14172
14162
14115
14083
14083
14072
14011
13978
13972
13867
13850
13834
13804
13779
13776
13733
13732
13712
13704
13701
13701
13700
13681
13664
13654
13643
13616
13587
13545
13525
13513
13477
13425
13391
13365
13302
13220
13145
13112
13038
13035
12998
12938
12904
12891
12881
12865
12850
12744
12721
12713
12680
12675
12657
12622
12578
12567
12550
12535
12532
12504
12451
12422
12397
12377
12322
12304
12201
12194
12173
12151
12126
12125
12095
12088
11996
11972
11930
11906
11844
11826
11817
11817
11745
11686
11678
11659
11577
11562
11503
11477
11426
11410
11358
11314
11279
11239
11239
11219
11199
11167
11154
11103
11097
11054
11025
10983
10817
10813
10797
10781
10734
10663
10649
10623
10604
10582
10499
10476
10460
10402
10401
10373
10366
10320
10318
10310
10290
10268
10231
10190
10143
10119
10114
10103
10073
10055
10006
9930
9928
9886
9820
9664
9544
9496
9455
9453
9315
9258
9178
9172
9170
9146
9138
9120
9078
9070
9037
8984
8876
8858
8827
8800
8748
8694
8645
8617
8591
8587
8549
8521
8508
8500
8472
8472
8449
8436
8369
8346
8345
8296
8273
8246
8158
8118
8105
8101
8094
8090
8050
8004
7966
7964
7950
7887
7758
7757
7726
7606
7595
7588
7571
7565
7565
7557
7540
7512
7441
7350
7294
7289
7242
7237
7229
7228
7078
7066
7048
6986
6973
6885
6880
6863
6861
6800
6790
6770
6658
6646
6641
6609
6608
6597
6559
6532
6389
6325
6258
6257
6253
6162
6136
6124
6084
6082
6039
5958
5954
5887
5883
5872
5843
5808
5796
5762
5741
5706
5697
5695
5672
5654
5653
5613
5564
5561
5418
5362
5337
5217
5211
5191
5189
5177
5141
5128
5112
5094
5078
5075
5065
5007
4981
4896
4882
4846
4780
4752
4750
4718
4663
4611
4591
4579
4570
4552
4543
4498
4455
4441
4432
4412
4368
4335
4326
4254
4232
4232
4161
4152
4110
4070
4008
4007
4005
3984
3973
3961
3955
3954
3944
3911
3906
3877
3860
3837
3835
3804
3798
3796
3733
3681
3532
3525
3446
3406
3401
3335
3310
3264
3179
3124
3077
3074
3011
2983
2968
2950
2938
2920
2857
2825
2803
2803
2769
2728
2701
2678
2656
2640
2608
2603
2600
2544
2524
2515
2491
2460
2453
2434
2375
2281
2269
2239
2167
2163
2143
2130
2120
2087
2083
2034
2027
1925
1921
1909
1882
1876
1781
1780
1714
1663
1502
1489
1481
1478
1311
1289
1222
1154
1117
1116
1104
1041
1036
1022
977
970
948
755
738
725
691
658
654
610
602
595
590
572
545
471
447
440
410
392
368
350
335
334
199
163
122
54
