7831
12577
19454
28407
21617

18249
998
1309
2436
4146
5407
6250
6610
7468
8079
9367
12695
13812
13833
19873
20398
22134
22191
24929
26345
26810
28289
29405
31521
18708

28865
665
889
1141
1665
1943
2042
2251
2655
3076
4185
5682
5735
5821
6101
6189
6621
6856
7975
8809
8865
9419
9465
10428
10779
10881
11055
11154
11216
11255
11855
12045
12467
12796
13091
13185
13570
13775
13978
14614
14795
14887
15002
15228
15607
17006
17504
17677
17834
18018
18050
18164
18272
18876
19725
19955
20021
20267
20739
21001
21253
21355
21370
21665
21722
21799
21988
22176
22466
22709
23543
24758
25014
25327
25734
26028
26064
26541
26812
27026
27096
27320
27546
27655
27807
27879
29144
29495
29565
29651
29703
29855
30401
30593
31509
32122
32255
32690
28233
28898

32142
54
122
163
199
334
335
350
368
392
410
440
447
471
545
572
590
595
602
610
654
658
691
725
738
755
948
970
977
1022
1036
1041
1104
1116
1117
1154
1222
1289
1311
1478
1481
1489
1502
1663
1714
1780
1781
1876
1882
1909
1921
1925
2027
2034
2083
2087
2120
2130
2143
2163
2167
2239
2269
2281
2375
2434
2453
2460
2491
2515
2524
2544
2600
2603
2608
2640
2656
2678
2701
2728
2769
2803
2803
2825
2857
2920
2938
2950
2968
2983
3011
3074
3077
3124
3179
3264
3310
3335
3401
3406
3446
3525
3532
3681
3733
3796
3798
3804
3835
3837
3860
3877
3906
3911
3944
3954
3955
3961
3973
3984
4005
4007
4008
4070
4110
4152
4161
4232
4232
4254
4326
4335
4368
4412
4432
4441
4455
4498
4543
4552
4570
4579
4591
4611
4663
4718
4750
4752
4780
4846
4882
4896
4981
5007
5065
5075
5078
5094
5112
5128
5141
5177
5189
5191
5211
5217
5337
5362
5418
5561
5564
5613
5653
5654
5672
5695
5697
5706
5741
5762
5796
5808
5843
5872
5883
5887
5954
5958
6039
6082
6084
6124
6136
6162
6253
6257
6258
6325
6389
6532
6559
6597
6608
6609
6641
6646
6658
6770
6790
6800
6861
6863
6880
6885
6973
6986
7048
7066
7078
7228
7229
7237
7242
7289
7294
7350
7441
7512
7540
7557
7565
7565
7571
7588
7595
7606
7726
7757
7758
7887
7950
7964
7966
8004
8050
8090
8094
8101
8105
8118
8158
8246
8273
8296
8345
8346
8369
8436
8449
8472
8472
8500
8508
8521
8549
8587
8591
8617
8645
8694
8748
8800
8827
8858
8876
8984
9037
9070
9078
9120
9138
9146
9170
9172
9178
9258
9315
9453
9455
9496
9544
9664
9820
9886
9928
9930
10006
10055
10073
10103
10114
10119
10143
10190
10231
10268
10290
10310
10318
10320
10366
10373
10401
10402
10460
10476
10499
10582
10604
10623
10649
10663
10734
10781
10797
10813
10817
10983
11025
11054
11097
11103
11154
11167
11199
11219
11239
11239
11279
11314
11358
11410
11426
11477
11503
11562
11577
11659
11678
11686
11745
11817
11817
11826
11844
11906
11930
11972
11996
12088
12095
12125
12126
12151
12173
12194
12201
12304
12322
12377
12397
12422
12451
12504
12532
12535
12550
12567
12578
12622
12657
12675
12680
12713
12721
12744
12850
12865
12881
12891
12904
12938
12998
13035
13038
13112
13145
13220
13302
13365
13391
13425
13477
13513
13525
13545
13587
13616
13643
13654
13664
13681
13700
13701
13701
13704
13712
13732
13733
13776
13779
13804
13834
13850
13867
13972
13978
14011
14072
14083
14083
14115
14162
14172
14203
14250
14259
14296
14303
14318
14362
14453
14465
14505
14521
14527
14533
14548
14560
14634
14654
14676
14696
14716
14790
14845
14846
14875
14897
14945
14966
14981
14982
15006
15006
15013
15028
15043
15093
15112
15130
15159
15183
15185
15243
15254
15258
15331
15358
15364
15390
15422
15471
15475
15565
15578
15606
15624
15639
15682
15710
15715
15750
15792
15800
15810
15838
15853
15974
16001
16136
16159
16166
16170
16216
16230
16240
16240
16252
16267
16287
16294
16314
16342
16384
16398
16444
16626
16715
16721
16726
16814
16860
17105
17114
17164
17207
17301
17303
17305
17354
17364
17422
17426
17454
17501
17548
17613
17655
17658
17749
17798
17922
17925
17927
17932
17933
17956
17970
18046
18078
18129
18214
18317
18345
18418
18443
18450
18458
18479
18507
18527
18584
18585
18617
18637
18663
18705
18741
18764
18765
18767
18789
18856
18897
18998
19064
19078
19090
19104
19130
19146
19152
19163
19176
19220
19221
19251
19320
19327
19343
19381
19409
19413
19456
19481
19522
19548
19567
19609
19662
19675
19682
19728
19751
19760
19784
19892
19899
19908
20066
20085
20123
20146
20206
20228
20291
20330
20349
20362
20375
20378
20471
20566
20641
20659
20731
20742
20755
20765
20808
20851
20894
20903
20939
20945
20951
20985
21038
21050
21074
21144
21212
21219
21321
21322
21328
21329
21331
21351
21402
21446
21481
21565
21584
21621
21628
21655
21703
21708
21710
21722
21764
21844
21884
21962
22007
22046
22057
22114
22118
22135
22154
22185
22254
22286
22396
22420
22421
22459
22471
22511
22513
22536
22575
22661
22713
22725
22763
22815
22832
22964
22971
22976
23082
23109
23204
23279
23284
23288
23309
23309
23375
23419
23482
23506
23535
23547
23565
23613
23640
23663
23711
23777
23789
23820
23908
23929
23933
23942
23957
24013
24031
24080
24091
24257
24296
24297
24380
24399
24481
24485
24524
24534
24549
24676
24684
24691
24731
24763
24818
24844
24848
24851
24925
24938
24944
24955
24984
24985
25017
25123
25146
25156
25225
25227
25228
25277
25329
25343
25370
25394
25394
25403
25420
25466
25481
25482
25498
25558
25591
25596
25622
25660
25663
25713
25715
25739
25819
25916
25966
25970
25993
26011
26022
26039
26068
26068
26103
26117
26126
26343
26403
26403
26420
26528
26545
26610
26644
26683
26697
26728
26894
26935
26948
26969
26983
27033
27040
27072
27101
27139
27179
27243
27251
27262
27289
27327
27428
27488
27492
27496
27538
27572
27602
27617
27657
27717
27740
27821
27822
27830
27849
27874
27910
27936
27949
27983
28010
28064
28082
28088
28094
28102
28128
28129
28134
28137
28153
28186
28196
28208
28233
28250
28277
28315
28326
28350
28386
28449
28512
28581
28612
28622
28644
28650
28680
28699
28735
28735
28808
28819
28833
28855
28861
28912
28926
28943
29017
29041
29041
29042
29049
29091
29102
29119
29132
29152
29202
29203
29245
29312
29328
29365
29410
29421
29427
29466
29467
29484
29489
29526
29528
29536
29579
29585
29607
29611
29656
29689
29697
29710
29725
29729
29744
29746
29756
29855
29882
29886
29903
29978
29999
30065
30076
30124
30167
30231
30260
30270
30302
30314
30361
30362
30371
30378
30395
30432
30441
30442
30463
30465
30478
30486
30509
30530
30565
30587
30621
30635
30706
30731
30749
30834
30853
30889
30930
30950
31060
31060
31111
31125
31125
31160
31279
31307
31344
31356
31357
31363
31388
31395
31398
31422
31465
31479
31499
31503
31517
31524
31600
31641
31670
31754
31823
31856
31876
31891
31894
32012
32103
32154
32184
32208
32536
32578
32648
32730
32745
32023

